0.358
0.241
0.372
0.342
0.281
0.289
0.304
0.337
0.226
0.371
0.245
0.290
0.308
0.290
0.358
0.366
0.350
0.233
0.205
0.395
0.352
0.228
0.209
0.364
0.282
0.286
0.217
0.396
0.326
0.266
0.279
0.256
0.354
0.379
0.208
0.265
0.366
0.204
0.246
0.272
0.359
0.341
0.265
0.262
0.254
0.383
0.276
0.373
0.233
0.253
0.361
0.345
0.349
0.326
0.336
0.282
0.352
0.251
0.236
0.226
0.254
0.244
0.241
0.363
0.279
0.323
0.390
0.374
0.272
0.378
0.237
0.209
0.210
0.243
0.383
0.279
0.398
0.234
0.238
0.311
0.310
0.384
0.208
0.302
0.204
0.276
0.259
0.271
0.279
0.238
0.368
0.245
0.273
0.367
0.371
0.245
0.208
0.307
0.285
0.328
0.377
0.390
0.248
0.204
0.349
0.360
0.236
0.269
0.398
0.234
0.301
0.394
0.208
0.357
0.333
0.313
0.347
0.321
0.254
0.307
0.296
0.310
0.242
0.295
0.262
0.376
0.288
0.257
0.289
0.299
0.283
0.374
0.380
0.242
0.345
0.261
0.298
0.252
0.372
0.211
0.388
0.212
0.288
0.332
0.215
0.251
0.241
0.246
0.286
0.263
0.326
0.308
0.368
0.287
0.304
0.312
0.354
0.398
0.229
0.248
0.228
0.276
0.260
0.277
0.320
0.332
0.286
0.352
0.255
0.251
0.389
0.259
0.272
0.329
0.296
0.370
0.212
0.295
0.222
0.247
0.252
0.363
0.342
0.322
0.235
0.285
0.209
0.362
0.236
0.275
0.289
0.307
0.373
0.203
0.216
0.292
0.205
0.369
0.359
0.244
0.286
0.290
0.202
0.285
0.346
0.304
0.323
0.333
0.229
0.226
0.351
0.361
0.254
0.238
0.386
0.251
0.258
0.219
0.211
0.377
0.234
0.209
0.286
0.336
0.330
0.218
0.299
0.327
0.346
0.283
0.362
0.292
0.398
0.298
0.233
0.270
0.356
0.304
0.255
0.201
0.258
0.272
0.288
0.205
0.252
0.399
0.270
0.370
0.268
0.267
0.340
0.397
0.370
0.259
0.375
0.264
0.371
0.336
0.286
0.214
0.294
0.227
0.344
0.300
0.273
0.392
0.227
0.250
0.397
0.267
0.309
0.285
0.395
0.226
0.384
0.326
0.395
0.225
0.375
0.343
0.316
0.342
0.304
0.359
0.251
0.260
0.306
0.313
0.261
0.288
0.372
0.314
0.265
0.373
0.239
0.398
0.388
0.306
0.258
0.201
0.349
0.216
0.261
0.293
0.223
0.391
0.236
0.265
0.399
0.272
0.249
0.313
0.365
0.355
0.327
0.396
0.268
0.396
0.207
0.258
0.342
0.330
0.202
0.294
0.273
0.330
0.395
0.268
0.346
0.399
0.315
0.369
0.390
0.203
0.236
0.255
0.264
0.320
0.340
0.328
0.201
0.374
0.378
0.201
0.390
0.328
0.251
0.309
0.218
0.370
0.272
0.238
0.243
0.386
0.336
0.288
0.250
0.368
0.271
0.208
0.251
0.354
0.364
0.330
0.290
0.325
0.272
0.201
0.339
0.294
0.370
0.315
0.314
0.202
0.393
0.265
0.264
0.375
0.364
0.244
0.344
0.394
0.239
0.291
0.296
0.206
0.355
0.226
0.227
0.359
0.243
0.333
0.377
0.310
0.343
0.262
0.215
0.318
0.294
0.209
0.327
0.214
0.347
0.317
0.370
0.332
0.215
0.390
0.286
0.214
0.257
0.231
0.367
0.349
0.205
0.342
0.355
0.313
0.290
0.387
0.315
0.271
0.338
0.347
0.266
0.235
0.312
0.346
0.237
0.262
0.239
0.291
0.234
0.233
0.316
0.279
0.262
0.384
0.322
0.232
0.253
0.248
0.360
0.222
0.265
0.393
0.266
0.397
0.347
0.239
0.339
0.290
0.245
0.272
0.271
0.219
0.215
0.301
0.234
0.241
0.238
0.290
0.363
0.334
0.297
0.372
0.201
0.269
0.269
0.332
0.388
0.247
0.294
0.367
0.282
0.281
0.368
0.315
0.381
0.244
0.387
0.277
0.370
0.226
0.355
0.222
0.396
0.221
0.289
0.303
0.283
0.386
0.269
0.363
0.272
0.389
0.279
0.355
0.251
0.387
0.290
0.280
0.313
0.344
0.381
0.317
0.299
0.343
0.316
0.201
0.393
0.307
0.282
0.338
0.253
0.327
0.352
0.265
0.283
0.373
0.299
0.379
0.230
0.384
0.353
0.392
0.237
0.313
0.396
0.251
0.295
0.318
0.364
0.227
0.273
0.325
0.339
0.283
0.320
0.392
0.253
0.226
0.316
0.246
0.218
0.331
0.385
0.318
0.286
0.205
0.310
0.335
0.355
0.246
0.214
0.328
0.228
0.238
0.280
0.264
0.203
0.322
0.251
0.246
0.297
0.395
0.351
0.330
0.331
0.283
0.370
0.250
0.284
0.214
0.262
0.383
0.258
0.290
0.300
0.314
0.212
0.383
0.321
0.397
0.282
0.200
0.303
0.351
0.270
0.210
0.275
0.302
0.323
0.253
0.336
0.267
0.277
0.281
0.379
0.372
0.229
0.226
0.344
0.380
0.380
0.298
0.284
0.282
0.393
0.259
0.238
0.283
0.275
0.381
0.304
0.288
0.377
0.331
0.246
0.225
0.277
0.389
0.212
0.305
0.222
0.372
0.319
0.352
0.309
0.286
0.260
0.278
0.220
0.251
0.309
0.240
0.294
0.219
0.359
0.330
0.327
0.330
0.322
0.361
0.366
0.300
0.320
0.227
0.202
0.214
0.351
0.311
0.219
0.278
0.231
0.359
0.399
0.215
0.329
0.387
0.256
0.254
0.235
0.284
0.400
0.267
0.312
0.390
0.377
0.279
0.201
0.228
0.364
0.331
0.289
0.233
0.338
0.213
0.232
0.369
0.360
0.276
0.298
0.270
0.344
0.252
0.336
0.306
0.362
0.380
0.345
0.264
0.374
0.316
0.299
0.258
0.360
0.334
0.246
0.245
0.315
0.332
0.326
0.251
0.218
0.221
0.251
0.223
0.363
0.383
0.219
0.335
0.377
0.287
0.337
0.284
0.382
0.322
0.375
0.284
0.245
0.228
0.280
0.206
0.384
0.365
0.361
0.300
0.371
0.369
0.293
0.315
0.324
0.202
0.360
0.254
0.393
0.295
0.353
0.269
0.245
0.298
0.311
0.239
0.355
0.225
0.362
0.246
0.361
0.259
0.272
0.251
0.375
0.365
0.328
0.232
0.243
0.321
0.307
0.259
0.271
0.390
0.316
0.270
0.376
0.218
0.338
0.237
0.293
0.338
0.374
0.221
0.375
0.206
0.329
0.281
0.275
0.377
0.261
0.285
0.324
0.317
0.235
0.364
0.341
0.209
0.380
0.381
0.380
0.353
0.260
0.294
0.362
0.371
0.238
0.364
0.332
0.337
0.382
0.364
0.280
0.269
0.238
0.324
0.358
0.302
0.318
0.358
0.367
0.250
0.318
0.285
0.296
0.316
0.380
0.394
0.329
0.265
0.201
0.286
0.397
0.379
0.362
0.252
0.237
0.395
0.393
0.354
0.233
0.375
0.254
0.220
0.346
0.238
0.266
0.294
0.371
0.385
0.361
0.228
0.355
0.236
0.234
0.268
0.247
0.312
0.363
0.364
0.303
0.272
0.307
0.393
0.263
0.287
0.209
0.365
0.260
0.264
0.215
0.358
0.332
0.302
0.329
0.356
0.211
0.329
0.338
0.203
0.212
0.287
0.236
0.333
0.369
0.218
0.287
0.308
0.226
0.232
0.298
0.333
0.213
0.347
0.333
0.303
0.325
0.397
0.340
0.398
0.219
0.341
0.364
0.395
0.378
0.224
0.301
0.335
0.392
0.309
0.220
0.386
0.380
0.219
0.233
0.322
0.384
0.396
0.276
0.201
0.331
0.251
0.263
0.253
0.386
0.369
0.260
0.266
0.202
0.318
0.375
0.246
0.316
0.377
0.381
0.354
0.306
0.355
0.387
0.341
0.267
0.317
0.363
0.318
0.290
0.238
0.240
0.357
0.359
0.201
0.226
0.252
0.246
0.244
0.390
0.356
0.289
0.376
0.274
0.352
0.299
0.318
0.258
0.318
0.377
0.279
0.304
0.269
0.323
0.217
0.240
0.264
0.272
0.342
0.354
0.321
0.383
0.360
0.396
0.371
0.331
0.270
0.362
0.255
0.319
0.207
0.286
0.279
0.208
0.311
0.338
0.318
0.213
0.314
0.217
0.391
0.227
0.273
0.278
0.327
0.248
0.267
0.384
0.373
0.282
0.386
0.216
0.251
0.248
0.378
0.397
0.366
0.296
0.366
0.316
0.374
0.362
0.287
0.223
0.311
0.305
0.225
0.368
0.380
0.331
0.392
0.311
0.212
0.337
0.344
0.277
0.358
0.398
0.237
0.217
0.390
0.207
0.313
0.246
0.350
0.361
0.247
0.356
0.358
0.302
0.319
0.286
0.329
0.387
0.302
0.365
0.295
0.246
0.228
0.239
0.220
0.233
0.226
0.306
0.341
0.266
0.209
0.340
0.243
0.365
0.294
0.264
0.330
0.270
0.238
0.393
0.278
0.303
0.202
0.327
0.231
0.284
0.322
0.284
0.228
0.318
0.316
0.255
0.383
0.325
0.337
0.292
0.283
0.218
0.275
0.399
0.236
0.301
0.337
0.256
0.283
0.372
0.264
0.238
0.265
0.242
0.242
0.254
0.341
0.341
0.331
0.239
0.349
0.298
0.206
0.312
0.302
0.204
0.328
0.273
0.253
0.217
0.236
0.225
0.380
0.254
0.317
0.386
0.302
0.245
0.374
0.328
0.287
0.383
0.280
0.266
0.323
0.296
0.208
0.257
0.399
0.365
0.308
0.238
0.373
0.366
0.288
0.358
0.281
0.267
0.382
0.239
0.277
0.345
0.291
0.344
0.373
0.386
0.302
0.386
0.219
0.382
0.359
0.245
0.392
0.220
0.200
0.329
0.302
0.310
0.256
0.339
0.212
0.288
0.243
0.235
0.345
0.299
0.285
0.231
0.231
0.395
0.289
0.274
0.271
0.316
0.260
0.206
0.337
0.399
0.340
0.317
0.276
0.317
0.307
0.345
0.214
0.279
0.289
0.382
0.208
0.248
0.235
0.266
0.283
0.218
0.244
0.349
0.310
0.341
0.290
0.288
0.369
0.207
0.213
0.389
0.373
0.307
0.247
0.366
0.346
0.299
0.228
0.351
0.292
0.375
0.358
0.327
0.221
0.294
0.208
0.286
0.372
0.232
0.351
0.373
0.271
0.286
0.205
0.208
0.293
0.368
0.223
0.374
0.372
0.205
0.347
0.376
0.211
0.274
0.222
0.214
0.287
0.289
0.209
0.335
0.342
0.244
0.260
0.319
0.203
0.374
0.313
0.237
0.372
0.280
0.301
0.306
0.298
0.239
0.351
0.219
0.257
0.286
0.219
0.389
0.244
0.305
0.240
0.293
0.295
0.285
0.395
0.254
0.349
0.207
0.238
0.387
0.278
0.327
0.398
0.323
0.370
0.299
0.267
0.305
0.294
0.279
0.299
0.209
0.365
0.256
0.311
0.280
0.270
0.355
0.237
0.328
0.271
0.312
0.335
0.373
0.351
0.239
0.253
0.263
0.202
0.376
0.276
0.269
0.333
0.258
0.394
0.322
0.394
0.336
0.348
0.239
0.335
0.313
0.329
0.253
0.365
0.378
0.200
0.248
0.342
0.391
0.347
0.391
0.228
0.210
0.382
0.337
0.369
0.349
0.273
0.347
0.284
0.382
0.236
0.245
0.250
0.303
0.334
0.376
0.256
0.244
0.266
0.315
0.328
0.205
0.292
0.232
0.314
0.303
0.352
0.239
0.341
0.347
0.306
0.329
0.237
0.323
0.313
0.256
0.260
0.227
0.258
0.384
0.376
0.280
0.234
0.364
0.262
0.324
0.301
0.331
0.208
0.229
0.236
0.371
0.290
0.384
0.292
0.206
0.368
0.244
0.243
0.356
0.326
0.291
0.238
0.334
0.287
0.387
0.236
0.231
0.372
0.231
0.291
0.322
0.306
0.249
0.378
0.242
0.340
0.211
0.309
0.245
0.265
0.316
0.236
0.257
0.207
0.371
0.331
0.237
0.236
0.357
0.337
0.333
0.378
0.214
0.245
0.326
0.282
0.220
0.210
0.273
0.210
0.235
0.266
0.351
0.230
0.224
0.341
0.398
0.247
0.249
0.227
0.212
0.215
0.238
0.274
0.251
0.336
0.224
0.396
0.313
0.218
0.229
0.360
0.214
0.253
0.347
0.284
0.230
0.372
0.273
0.322
0.291
0.343
0.374
0.396
0.296
0.293
0.305
0.364
0.331
0.385
0.271
0.325
0.290
0.333
0.390
0.219
0.343
0.236
0.288
0.351
0.285
0.277
0.388
0.232
0.298
0.239
0.309
0.242
0.229
0.271
0.360
0.227
0.291
0.345
0.286
0.273
0.233
0.230
0.363
0.203
0.309
0.280
0.345
0.276
0.364
0.258
0.204
0.236
0.242
0.283
0.291
0.201
0.387
0.388
0.353
0.319
0.208
0.263
0.253
0.240
0.328
0.259
0.314
0.355
0.367
0.362
0.386
0.373
0.211
0.238
0.220
0.241
0.300
0.355
0.264
0.274
0.356
0.380
0.343
0.371
0.256
0.356
0.368
0.382
0.245
0.260
0.348
0.208
0.216
0.279
0.323
0.238
0.296
0.360
0.221
0.277
0.241
0.324
0.294
0.366
0.250
0.382
0.328
0.361
0.301
0.293
0.264
0.321
0.360
0.201
0.341
0.309
0.208
0.233
0.392
0.323
0.271
0.375
0.287
0.276
0.381
0.210
0.213
0.261
0.268
0.293
0.200
0.349
0.264
0.216
0.305
0.397
0.331
0.356
0.325
0.234
0.254
0.298
0.232
0.260
0.263
0.346
0.356
0.273
0.380
0.276
0.383
0.363
0.279
0.245
0.342
0.212
0.247
0.334
0.242
0.234
0.364
0.294
0.283
0.239
0.357
0.339
0.355
0.354
0.311
0.341
0.325
0.285
0.377
0.343
0.381
0.215
0.284
0.214
0.369
0.304
0.266
0.273
0.292
0.391
0.260
0.225
0.240
0.320
0.348
0.339
0.227
0.287
0.324
0.306
0.383
0.220
0.350
0.320
0.335
0.304
0.231
0.300
0.319
0.296
0.232
0.283
0.371
0.380
0.333
0.257
0.264
0.289
0.236
0.203
0.232
0.270
0.289
0.328
0.397
0.393
0.339
0.371
0.309
0.385
0.227
0.260
0.345
0.308
0.368
0.301
0.311
0.363
0.393
0.244
0.367
0.381
0.273
0.363
0.243
0.277
0.241
0.354
0.382
0.325
0.221
0.240
0.240
0.380
0.343
0.284
0.259
0.299
0.393
0.318
0.293
0.326
0.313
0.227
0.389
0.359
0.371
0.369
0.201
0.245
0.275
0.307
0.328
0.351
0.330
0.334
0.203
0.238
0.390
0.273
0.277
0.272
0.352
0.298
0.223
0.254
0.376
0.230
0.302
0.396
0.231
0.272
0.384
0.274
0.211
0.304
0.296
0.258
0.340
0.300
0.318
0.279
0.372
0.400
0.291
0.253
0.212
0.343
0.370
0.304
0.330
0.202
0.255
0.212
0.242
0.285
0.231
0.235
0.356
0.296
0.238
0.368
0.290
0.397
0.357
0.381
0.225
0.398
0.235
0.359
0.302
0.385
0.281
0.384
0.204
0.336
0.375
0.295
0.213
0.238
0.208
0.294
0.323
0.380
0.245
0.275
0.206
0.387
0.215
0.221
0.342
0.258
0.314
0.256
0.202
0.217
0.262
0.327
0.396
0.347
0.358
0.387
0.327
0.396
0.249
0.305
0.243
0.200
0.398
0.287
0.396
0.206
0.368
0.356
0.302
0.210
0.324
0.209
0.247
0.324
0.271
0.387
0.332
0.344
0.258
0.301
0.357
0.378
0.267
0.372
0.233
0.238
0.342
0.283
0.228
0.299
0.314
0.303
0.298
0.362
0.321
0.327
0.240
0.214
0.314
0.344
0.286
0.266
0.265
0.390
0.368
0.296
0.289
0.282
0.216
0.206
0.244
0.340
0.353
0.306
0.291
0.228
0.301
0.225
0.275
0.271
0.260
0.276
0.233
0.343
0.368
0.262
0.204
0.205
0.353
0.307
0.301
0.270
0.249
0.364
0.271
0.385
0.277
0.295
0.313
0.395
0.341
0.310
0.251
0.334
0.263
0.386
0.223
0.299
0.253
0.241
0.246
0.323
0.396
0.367
0.369
0.359
0.330
0.394
0.296
0.304
0.374
0.380
0.341
0.366
0.289
0.273
0.256
0.275
0.314
0.285
0.346
0.224
0.236
0.368
0.381
0.299
0.223
0.347
0.246
0.221
0.205
0.369
0.292
0.261
0.262
0.396
0.289
0.304
0.224
0.365
0.275
0.270
0.338
0.222
0.385
0.322
0.374
0.300
0.388
0.394
0.262
0.234
0.294
0.279
0.238
0.324
0.310
0.296
0.360
0.390
0.345
0.381
0.338
0.269
0.249
0.330
0.250
0.304
0.343
0.217
0.318
0.331
0.270
0.272
0.291
0.202
0.334
0.210
0.266
0.220
0.239
0.339
0.218
0.308
0.268
0.246
0.263
0.262
0.265
0.304
0.395
0.398
0.252
0.206
0.373
0.246
0.356
0.337
0.256
0.365
0.320
0.260
0.240
0.211
0.340
0.377
0.382
0.356
0.327
0.210
0.255
0.249
0.358
0.247
0.241
0.203
0.381
0.325
0.207
0.256
0.282
0.338
0.202
0.233
0.243
0.218
0.302
0.228
0.362
0.311
0.308
0.302
0.268
0.360
0.397
0.215
0.252
0.203
0.287
0.234
0.250
0.202
0.272
0.354
0.330
0.234
0.394
0.295
0.219
0.294
0.266
0.339
0.349
0.244
0.396
0.364
0.351
0.377
0.241
0.241
0.302
0.204
0.208
0.367
0.342
0.239
0.330
0.344
0.338
0.387
0.254
0.355
0.349
0.259
0.296
0.282
0.384
0.368
0.332
0.359
0.325
0.236
0.343
0.202
0.334
0.258
0.369
0.377
0.202
0.336
0.214
0.394
0.301
0.344
0.383
0.247
0.390
0.327
0.333
0.341
0.302
0.237
0.254
0.295
0.325
0.293
0.371
0.354
0.261
0.261
0.204
0.326
0.383
0.388
0.251
0.332
0.295
0.332
0.377
0.398
0.223
0.258
0.359
0.336
0.270
0.363
0.223
0.365
0.311
0.292
0.388
0.262
0.325
0.283
0.314
0.343
0.345
0.339
0.228
0.384
0.289
0.255
0.369
0.311
0.302
0.280
0.377
0.361
0.387
0.231
0.220
0.290
0.201
0.204
0.257
0.332
0.370
0.381
0.202
0.383
0.254
0.309
0.268
0.349
0.203
0.276
0.217
0.376
0.292
0.289
0.309
0.341
0.271
0.227
0.203
0.282
0.394
0.321
0.318
0.270
0.268
0.293
0.359
0.208
0.206
0.363
0.280
0.387
0.256
0.283
0.361
0.265
0.370
0.285
0.348
0.214
0.308
0.304
0.238
0.342
0.383
0.261
0.339
0.229
0.271
0.380
0.262
0.265
0.280
0.370
0.208
0.212
0.253
0.204
0.342
0.215
0.362
0.396
0.399
0.205
0.343
0.308
0.307
0.214
0.312
0.335
0.239
0.357
0.381
0.383
0.298
0.299
0.331
0.254
0.389
0.350
0.292
0.204
0.310
0.243
0.279
0.236
0.293
0.313
0.216
0.216
0.272
0.332
0.316
0.329
0.280
0.400
0.234
0.383
0.260
0.245
0.283
0.384
0.292
0.301
0.238
0.285
0.392
0.396
0.207
0.372
0.358
0.239
0.346
0.369
0.214
0.341
0.245
0.202
0.308
0.213
0.242
0.275
0.279
0.367
0.354
0.268
0.274
0.219
0.319
0.300
0.223
0.262
0.261
0.253
0.317
0.358
0.259
0.246
0.218
0.314
0.292
0.390
0.357
0.325
0.257
0.376
0.341
0.387
0.329
0.332
0.309
0.392
0.318
0.252
0.229
0.203
0.319
0.200
0.209
0.207
0.321
0.400
0.246
0.367
0.306
0.384
0.343
0.200
0.388
0.303
0.351
0.212
0.382
0.229
0.327
0.306
0.308
0.200
0.277
0.282
0.370
0.272
0.323
0.283
0.316
0.309
0.360
0.312
0.240
0.235
0.355
0.200
0.310
0.312
0.238
0.315
0.224
0.306
0.358
0.260
0.321
0.219
0.327
0.238
0.356
0.345
0.218
0.260
0.341
0.373
0.202
0.327
0.209
0.383
0.326
0.359
0.366
0.374
0.283
0.323
0.356
0.386
0.382
0.216
0.290
0.329
0.221
0.390
0.224
0.304
0.269
0.205
0.307
0.266
0.281
0.257
0.297
0.222
0.314
0.241
0.333
0.352
0.240
0.285
0.378
0.263
0.398
0.256
0.206
0.203
0.335
0.322
0.236
0.376
0.296
0.368
0.202
0.211
0.350
0.373
0.295
0.355
0.245
0.300
0.356
0.251
0.347
0.260
0.279
0.315
0.348
0.342
0.210
0.305
0.327
0.204
0.315
0.295
0.232
0.323
0.370
0.323
0.324
0.350
0.213
0.300
0.371
0.290
0.212
0.275
0.337
0.258
0.232
0.273
0.257
0.397
0.278
0.259
0.294
0.201
0.365
0.207
0.308
0.317
0.308
0.321
0.219
0.252
0.347
0.338
0.266
0.343
0.241
0.253
0.201
0.317
0.228
0.363
0.215
0.359
0.235
0.283
0.233
0.346
0.321
0.203
0.332
0.211
0.354
0.381
0.266
0.270
0.209
0.387
0.322
0.350
0.277
0.264
0.376
0.288
0.218
0.338
0.389
0.361
0.346
0.240
0.344
0.219
0.270
0.331
0.293
0.236
0.264
0.370
0.380
0.369
0.281
0.261
0.345
0.288
0.276
0.357
0.290
0.314
0.289
0.370
0.314
0.337
0.286
0.355
0.392
0.228
0.336
0.296
0.249
0.262
0.399
0.350
0.399
0.390
0.299
0.223
0.224
0.356
0.277
0.357
0.258
0.216
0.255
0.353
0.242
0.399
0.247
0.209
0.203
0.356
0.272
0.365
0.220
0.275
0.265
0.346
0.333
0.371
0.345
0.209
0.341
0.208
0.353
0.214
0.332
0.321
0.270
0.272
0.327
0.393
0.361
0.340
0.297
0.397
0.334
0.285
0.222
0.339
0.327
0.238
0.368
0.203
0.326
0.384
0.394
0.395
0.230
0.266
0.325
0.348
0.269
0.311
0.375
0.336
0.379
0.317
0.256
0.377
0.259
0.323
0.264
0.258
0.244
0.258
0.227
0.307
0.374
0.336
0.332
0.394
0.298
0.380
0.372
0.386
0.215
0.300
0.265
0.209
0.369
0.234
0.352
0.290
0.250
0.241
0.276
0.232
0.246
0.356
0.289
0.328
0.380
0.349
0.238
0.357
0.354
0.244
0.260
0.255
0.204
0.252
0.384
0.203
0.290
0.380
0.234
0.326
0.303
0.214
0.274
0.261
0.303
0.290
0.271
0.382
0.285
0.254
0.323
0.336
0.298
0.308
0.379
0.216
0.335
0.264
0.284
0.382
0.289
0.221
0.339
0.317
0.253
0.338
0.282
0.240
0.355
0.328
0.230
0.382
0.397
0.273
0.243
0.230
0.329
0.233
0.268
0.247
0.304
0.385
0.389
0.344
0.371
0.259
0.251
0.308
0.333
0.278
0.305
0.301
0.271
0.323
0.354
0.239
0.375
0.393
0.383
0.262
0.252
0.271
0.211
0.369
0.327
0.384
0.218
0.309
0.345
0.262
0.209
0.293
0.325
0.389
0.350
0.233
0.272
0.341
0.327
0.362
0.221
0.376
0.330
0.346
0.236
0.361
0.339
0.239
0.348
0.229
0.376
0.216
0.204
0.399
0.217
0.259
0.374
0.310
0.250
0.344
0.354
0.307
0.292
0.272
0.294
0.397
0.218
0.330
0.394
0.333
0.272
0.352
0.384
0.226
0.242
0.370
0.387
0.337
0.392
0.380
0.293
0.204
0.336
0.393
0.330
0.393
0.257
0.284
0.326
0.353
0.211
0.288
0.257
0.387
0.277
0.303
0.291
0.340
0.307
0.321
0.224
0.341
0.393
0.309
0.275
0.309
0.270
0.262
0.209
0.331
0.290
0.344
0.310
0.239
0.340
0.284
0.234
0.303
0.338
0.359
0.287
0.216
0.270
0.202
0.361
0.374
0.222
0.284
0.217
0.223
0.210
0.344
0.378
0.399
0.261
0.269
0.284
0.265
0.313
0.302
0.217
0.283
0.296
0.332
0.364
0.285
0.340
0.359
0.254
0.337
0.261
0.226
0.319
0.313
0.340
0.251
0.250
0.307
0.311
0.264
0.349
0.344
0.385
0.357
0.367
0.341
0.354
0.223
0.251
0.360
0.280
0.342
0.317
0.225
0.201
0.360
0.387
0.355
0.332
0.336
0.322
0.399
0.328
0.232
0.276
0.363
0.238
0.383
0.369
0.240
0.254
0.250
0.280
0.394
0.238
0.252
0.332
0.321
0.227
0.252
0.209
0.390
0.241
0.213
0.384
0.288
0.342
0.205
0.292
0.320
0.242
0.344
0.376
0.306
0.267
0.354
0.364
0.227
0.282
0.394
0.327
0.289
0.284
0.252
0.338
0.361
0.277
0.307
0.321
0.286
0.202
0.355
0.259
0.267
0.275
0.349
0.336
0.231
0.369
0.230
0.318
0.257
0.276
0.299
0.321
0.308
0.282
0.247
0.231
0.400
0.268
0.213
0.205
0.233
0.202
0.370
0.349
0.324
0.272
0.220
0.269
0.340
0.394
0.291
0.350
0.238
0.227
0.219
0.226
0.340
0.351
0.303
0.274
0.384
0.339
0.356
0.225
0.297
0.241
0.297
0.244
0.343
0.312
0.341
0.261
0.231
0.378
0.282
0.339
0.206
0.216
0.220
0.381
0.307
0.384
0.271
0.222
0.332
0.279
0.264
0.287
0.219
0.210
0.298
0.334
0.229
0.361
0.202
0.252
0.270
0.373
0.338
0.214
0.331
0.334
0.245
0.342
0.294
0.260
0.298
0.312
0.296
0.233
0.364
0.201
0.253
0.296
0.332
0.204
0.363
0.361
0.275
0.398
0.204
0.248
0.251
0.208
0.279
0.222
0.365
0.251
0.364
0.236
0.210
0.283
0.243
0.232
0.398
0.325
0.319
0.286
0.251
0.234
0.208
0.367
0.326
0.201
0.297
0.288
0.246
0.240
0.227
0.380
0.267
0.283
0.278
0.231
0.218
0.243
0.371
0.206
0.305
0.345
0.380
0.204
0.366
0.284
0.201
0.220
0.318
0.340
0.233
0.370
0.372
0.226
0.268
0.203
0.246
0.210
0.247
0.354
0.258
0.222
0.300
0.218
0.271
0.206
0.200
0.319
0.323
0.345
0.202
0.377
0.277
0.375
0.377
0.350
0.232
0.257
0.219
0.344
0.389
0.263
0.374
0.263
0.366
0.353
0.318
0.385
0.375
0.307
0.333
0.315
0.334
0.300
0.218
0.238
0.284
0.218
0.282
0.296
0.241
0.220
0.231
0.321
0.334
0.265
0.331
0.381
0.322
0.273
0.349
0.209
0.272
0.276
0.356
0.332
0.256
0.398
0.333
0.226
0.391
0.212
0.292
0.290
0.322
0.298
0.389
0.238
0.293
0.382
0.278
0.300
0.384
0.395
0.271
0.284
0.240
0.242
0.338
0.203
0.389
0.334
0.206
0.284
0.277
0.243
0.363
0.254
0.294
0.305
0.350
0.269
0.237
0.290
0.379
0.336
0.379
0.312
0.393
0.281
0.276
0.363
0.307
0.211
0.349
0.382
0.307
0.213
0.391
0.339
0.353
0.231
0.302
0.273
0.346
0.363
0.296
0.295
0.341
0.387
0.208
0.368
0.254
0.379
0.226
0.234
0.315
0.278
0.290
0.270
0.224
0.390
0.334
0.227
0.212
0.311
0.281
0.397
0.372
0.220
0.333
0.385
0.270
0.278
0.202
0.263
0.251
0.235
0.269
0.304
0.329
0.361
0.267
0.286
0.261
0.300
0.202
0.364
0.369
0.328
0.316
0.390
0.233
0.329
0.254
0.371
0.329
0.320
0.303
0.236
0.367
0.329
0.385
0.249
0.386
0.370
0.291
0.263
0.300
0.202
0.290
0.333
0.370
0.337
0.325
0.295
0.285
0.232
0.356
0.271
0.252
0.288
0.210
0.348
0.337
0.299
0.248
0.345
0.234
0.303
0.268
0.285
0.207
0.212
0.232
0.238
0.235
0.270
0.325
0.393
0.243
0.311
0.271
0.317
0.262
0.202
0.216
0.317
0.211
0.247
0.269
0.235
0.327
0.304
0.323
0.290
0.243
0.347
0.283
0.204
0.337
0.212
0.228
0.375
0.270
0.212
0.254
0.268
0.240
0.330
0.255
0.326
0.367
0.375
0.222
0.389
0.228
0.211
0.397
0.378
0.341
0.367
0.240
0.261
0.234
0.303
0.296
0.365
0.383
0.375
0.225
0.313
0.267
0.239
0.266
0.252
0.239
0.400
0.268
0.325
0.306
0.221
0.235
0.271
0.255
0.211
0.230
0.217
0.387
0.212
0.380
0.342
0.323
0.352
0.247
0.290
0.345
0.309
0.350
0.371
0.291
0.303
0.225
0.372
0.348
0.382
0.400
0.394
0.256
0.369
0.241
0.342
0.268
0.219
0.364
0.320
0.224
0.268
0.202
0.258
0.377
0.252
0.201
0.312
0.333
0.265
0.223
0.400
0.329
0.394
0.201
0.340
0.386
0.398
0.384
0.319
0.271
0.376
0.204
0.305
0.334
0.299
0.239
0.348
0.270
0.358
0.359
0.227
0.265
0.207
0.385
0.334
0.393
0.279
0.345
0.314
0.260
0.387
0.226
0.252
0.242
0.266
0.393
0.399
0.311
0.273
0.285
0.265
0.295
0.358
0.302
0.313
0.357
0.354
0.280
0.213
0.304
0.324
0.280
0.371
0.295
0.360
0.207
0.366
0.394
0.252
0.326
0.241
0.397
0.399
0.217
0.362
0.206
0.306
0.368
0.305
0.230
0.239
0.204
0.368
0.216
0.263
0.226
0.336
0.229
0.239
0.277
0.207
0.263
0.308
0.302
0.315
0.279
0.395
0.312
0.278
0.379
0.252
0.288
0.276
0.375
0.317
0.230
0.372
0.371
0.318
0.266
0.332
0.284
0.358
0.311
0.266
0.361
0.215
0.395
0.261
0.390
0.292
0.215
0.268
0.352
0.313
0.296
0.245
0.316
0.345
0.377
0.352
0.368
0.232
0.204
0.303
0.379
0.234
0.361
0.202
0.296
0.388
0.275
0.370
0.386
0.400
0.226
0.260
0.244
0.362
0.383
0.340
0.372
0.311
0.238
0.323
0.240
0.286
0.233
0.325
0.203
0.247
0.246
0.236
0.231
0.272
0.317
0.363
0.221
0.204
0.263
0.240
0.309
0.343
0.366
0.308
0.213
0.208
0.209
0.336
0.351
0.397
0.274
0.314
0.202
0.370
0.225
0.311
0.307
0.202
0.228
0.340
0.262
0.388
0.206
0.303
0.207
0.350
0.337
0.304
0.385
0.245
0.246
0.235
0.304
0.252
0.245
0.296
0.374
0.326
0.322
0.314
0.363
0.256
0.336
0.248
0.355
0.236
0.261
0.338
0.231
0.395
0.324
0.237
0.224
0.307
0.204
0.267
0.294
0.330
0.361
0.265
0.270
0.226
0.354
0.230
0.378
0.219
0.274
0.397
0.329
0.385
0.216
0.216
0.332
0.338
0.233
0.318
0.286
0.350
0.257
0.283
0.248
0.336
0.304
0.298
0.339
0.207
0.304
0.200
0.364
0.349
0.276
0.356
0.252
0.202
0.387
0.224
0.394
0.256
0.274
0.299
0.301
0.369
0.238
0.306
0.367
0.308
0.389
0.337
0.393
0.367
0.332
0.247
0.271
0.304
0.357
0.337
0.354
0.226
0.397
0.368
0.301
0.320
0.221
0.332
0.374
0.329
0.254
0.379
0.225
0.388
0.214
0.322
0.396
0.390
0.230
0.234
0.333
0.357
0.295
0.383
0.277
0.245
0.269
0.372
0.257
0.376
0.214
0.232
0.211
0.258
0.309
0.279
0.227
0.296
0.293
0.389
0.287
0.349
0.259
0.244
0.319
0.249
0.342
0.264
0.299
0.304
0.240
0.273
0.393
0.292
0.226
0.278
0.376
0.221
0.373
0.264
0.211
0.299
0.211
0.238
0.304
0.203
0.264
0.203
0.394
0.202
0.341
0.245
0.210
0.215
0.389
0.261
0.249
0.337
0.301
0.335
0.284
0.265
0.389
0.354
0.324
0.284
0.232
0.203
0.224
0.288
0.344
0.262
0.305
0.325
0.305
0.263
0.305
0.339
0.392
0.214
0.258
0.346
0.370
0.299
0.338
0.324
0.352
0.365
0.313
0.214
0.321
0.315
0.239
0.268
0.240
0.203
0.329
0.238
0.360
0.391
0.216
0.205
0.257
0.305
0.332
0.290
0.305
0.251
0.347
0.359
0.344
0.380
0.399
0.345
0.365
0.341
0.241
0.301
0.224
0.334
0.236
0.328
0.218
0.224
0.251
0.333
0.386
0.258
0.331
0.252
0.256
0.248
0.262
0.330
0.226
0.380
0.257
0.348
0.271
0.274
0.388
0.209
0.249
0.320
0.361
0.391
0.333
0.205
0.287
0.382
0.298
0.396
0.297
0.284
0.315
0.264
0.216
0.367
0.239
0.238
0.270
0.208
0.308
0.360
0.242
0.261
0.206
0.338
0.265
0.229
0.322
0.381
0.354
0.352
0.208
0.338
0.369
0.321
0.393
0.248
0.365
0.206
0.381
0.392
0.204
0.268
0.333
0.240
0.326
0.284
0.298
0.301
0.339
0.365
0.230
0.289
0.392
0.222
0.270
0.302
0.301
0.314
0.352
0.203
0.355
0.332
0.366
0.358
0.353
0.269
0.387
0.388
0.389
0.356
0.304
0.398
0.256
0.261
0.299
0.281
0.281
0.274
0.202
0.272
0.388
0.256
0.252
0.288
0.234
0.382
0.331
0.286
0.272
0.349
0.339
0.393
0.279
0.321
0.299
0.318
0.343
0.219
0.216
0.230
0.256
0.283
0.362
0.220
0.226
0.384
0.258
0.398
0.350
0.367
0.384
0.395
0.372
0.367
0.270
0.393
0.399
0.377
0.312
0.320
0.266
0.371
0.326
0.242
0.332
0.244
0.317
0.384
0.364
0.313
0.340
0.351
0.240
0.300
0.242
0.316
0.244
0.338
0.366
0.232
0.205
0.269
0.376
0.228
0.393
0.289
0.344
0.325
0.396
0.242
0.391
0.310
0.315
0.237
0.234
0.363
0.223
0.264
0.255
0.208
0.294
0.366
0.320
0.382
0.321
0.261
0.296
0.385
0.323
0.227
0.348
0.304
0.281
0.250
0.376
0.252
0.261
0.366
0.316
0.390
0.258
0.343
0.359
0.290
0.292
0.386
0.233
0.389
0.300
0.226
0.274
0.344
0.304
0.238
0.215
0.207
0.318
0.330
0.332
0.231
0.251
0.394
0.240
0.287
0.383
0.372
0.271
0.317
0.318
0.269
0.366
0.384
0.325
0.222
0.277
0.256
0.247
0.378
0.236
0.336
0.304
0.365
0.218
0.207
0.351
0.387
0.305
0.271
0.303
0.361
0.315
0.300
0.247
0.263
0.271
0.377
0.239
0.380
0.302
0.358
0.271
0.247
0.223
0.366
0.228
0.297
0.365
0.229
0.345
0.265
0.373
0.321
0.400
0.256
0.320
0.259
0.239
0.320
0.250
0.235
0.235
0.362
0.351
0.365
0.316
0.355
0.326
0.377
0.311
0.361
0.338
0.285
0.359
0.348
0.317
0.242
0.220
0.244
0.395
0.363
0.234
0.202
0.222
0.371
0.327
0.250
0.356
0.389
0.379
0.227
0.235
0.234
0.227
0.335
0.206
0.389
0.254
0.299
0.369
0.250
0.248
0.335
0.218
0.288
0.286
0.282
0.237
0.347
0.344
0.322
0.291
0.306
0.294
0.320
0.283
0.294
0.264
0.294
0.240
0.231
0.391
0.257
0.205
0.220
0.274
0.203
0.381
0.396
0.373
0.272
0.261
0.272
0.341
0.313
0.346
0.388
0.306
0.224
0.267
0.271
0.382
0.359
0.201
0.323
0.286
0.307
0.339
0.275
0.322
0.205
0.214
0.331
0.357
0.223
0.355
0.370
0.297
0.340
0.390
0.289
0.284
0.393
0.389
0.362
0.356
0.247
0.253
0.284
0.389
0.305
0.385
0.368
0.357
0.229
0.385
0.290
0.247
0.266
0.279
0.213
0.244
0.327
0.271
0.259
0.200
0.376
0.239
0.245
0.225
0.380
0.213
0.338
0.213
0.333
0.353
0.232
0.332
0.223
0.298
0.372
0.320
0.237
0.298
0.224
0.301
0.212
0.380
0.320
0.264
0.378
0.279
0.318
0.268
0.393
0.323
0.288
0.238
0.207
0.399
0.312
0.214
0.289
0.339
0.274
0.328
0.396
0.210
0.258
0.222
0.363
0.226
0.343
0.215
0.319
0.233
0.342
0.376
0.294
0.376
0.251
0.252
0.347
0.275
0.265
0.245
0.283
0.204
0.213
0.378
0.344
0.267
0.295
0.253
0.343
0.203
0.211
0.341
0.263
0.336
0.337
0.241
0.374
0.373
0.254
0.309
0.300
0.200
0.334
0.250
0.269
0.361
0.217
0.281
0.386
0.345
0.382
0.200
0.249
0.360
0.263
0.253
0.392
0.268
0.326
0.384
0.274
0.394
0.219
0.323
0.252
0.323
0.239
0.213
0.360
0.285
0.204
0.325
0.297
0.313
0.324
0.385
0.231
0.378
0.215
0.312
0.393
0.332
0.374
0.326
0.266
0.215
0.326
0.384
0.261
0.370
0.361
0.223
0.374
0.297
0.225
0.269
0.254
0.283
0.385
0.208
0.215
0.249
0.349
0.342
0.291
0.362
0.393
0.321
0.302
0.268
0.239
0.365
0.323
0.383
0.309
0.248
0.342
0.342
0.300
0.324
0.396
0.204
0.304
0.348
0.216
0.382
0.302
0.371
0.220
0.216
0.219
0.217
0.276
0.357
0.294
0.368
0.324
0.266
0.285
0.218
0.266
0.231
0.381
0.327
0.363
0.381
0.267
0.371
0.256
0.264
0.329
0.207
0.207
0.265
0.228
0.369
0.374
0.226
0.252
0.361
0.325
0.339
0.282
0.270
0.398
0.253
0.394
0.247
0.350
0.383
0.334
0.225
0.387
0.235
0.287
0.296
0.332
0.219
0.332
0.351
0.374
0.333
0.290
0.238
0.383
0.377
0.290
0.374
0.239
0.229
0.243
0.255
0.209
0.356
0.237
0.347
0.323
0.259
0.350
0.294
0.382
0.394
0.351
0.295
0.217
0.399
0.277
0.241
0.366
0.328
0.225
0.213
0.349
0.231
0.274
0.266
0.325
0.339
0.337
0.393
0.237
0.266
0.250
0.331
0.201
0.349
0.318
0.343
0.213
0.324
0.386
0.231
0.315
0.321
0.360
0.336
0.343
0.314
0.204
0.385
0.240
0.241
0.368
0.294
0.230
0.225
0.378
0.240
0.320
0.230
0.271
0.343
0.293
0.218
0.254
0.296
0.352
0.393
0.288
0.290
0.222
0.263
0.310
0.219
0.353
0.396
0.294
0.278
0.380
0.389
0.324
0.229
0.253
0.256
0.251
0.232
0.281
0.347
0.355
0.344
0.215
0.227
0.249
0.242
0.370
0.378
0.282
0.365
0.331
0.328
0.389
0.347
0.379
0.363
0.241
0.208
0.335
0.304
0.232
0.389
0.204
0.281
0.211
0.279
0.257
0.248
0.318
0.240
0.347
0.274
0.295
0.211
0.345
0.265
0.203
0.369
0.278
0.289
0.341
0.329
0.396
0.284
0.243
0.252
0.302
0.257
0.394
0.246
0.277
0.275
0.269
0.288
0.347
0.311
0.211
0.276
0.355
0.325
0.321
0.392
0.273
0.296
0.266
0.201
0.289
0.209
0.309
0.231
0.208
0.320
0.385
0.255
0.336
0.400
0.385
0.281
0.285
0.359
0.224
0.201
0.337
0.296
0.338
0.200
0.338
0.275
0.367
0.247
0.244
0.350
0.216
0.364
0.371
0.352
0.217
0.361
0.347
0.341
0.317
0.240
0.281
0.307
0.357
0.392
0.227
0.394
0.306
0.200
0.220
0.354
0.315
0.375
0.314
0.337
0.292
0.346
0.289
0.289
0.319
0.272
0.376
0.279
0.227
0.229
0.347
0.324
0.202
0.249
0.202
0.213
0.257
0.311
0.228
0.310
0.331
0.341
0.391
0.358
0.304
0.390
0.269
0.378
0.317
0.255
0.322
0.324
0.246
0.294
0.222
0.297
0.347
0.256
0.261
0.269
0.380
0.228
0.398
0.355
0.259
0.216
0.253
0.387
0.280
0.256
0.308
0.251
0.216
0.276
0.296
0.326
0.295
0.376
0.281
0.345
0.330
0.262
0.290
0.223
0.217
0.363
0.313
0.387
0.355
0.255
0.322
0.238
0.271
0.269
0.250
0.321
0.226
0.309
0.202
0.373
0.359
0.357
0.232
0.366
0.375
0.333
0.393
0.271
0.360
0.324
0.226
0.252
0.397
0.319
0.321
0.293
0.285
0.258
0.293
0.354
0.228
0.374
0.265
0.245
0.342
0.261
0.308
0.290
0.289
0.368
0.213
0.393
0.230
0.310
0.392
0.242
0.348
0.205
0.247
0.353
0.242
0.224
0.207
0.389
0.362
0.355
0.390
0.250
0.329
0.307
0.290
0.299
0.233
0.334
0.267
0.326
0.246
0.243
0.250
0.275
0.368
0.270
0.288
0.381
0.352
0.367
0.273
0.398
0.209
0.247
0.274
0.334
0.321
0.349
0.208
0.303
0.344
0.366
0.336
0.331
0.275
0.351
0.365
0.304
0.337
0.242
0.217
0.296
0.396
0.306
0.377
0.315
0.242
0.370
0.239
0.294
0.251
0.400
0.271
0.235
0.233
0.384
0.319
0.358
0.396
0.277
0.383
0.319
0.364
0.203
0.277
0.257
0.211
0.388
0.306
0.334
0.342
0.388
0.287
0.343
0.299
0.397
0.220
0.291
0.213
0.258
0.296
0.231
0.254
0.311
0.295
0.327
0.385
0.309
0.279
0.244
0.269
0.399
0.298
0.367
0.231
0.301
0.223
0.255
0.289
0.330
0.231
0.349
0.280
0.343
0.212
0.375
0.252
0.288
0.235
0.281
0.397
0.262
0.284
0.248
0.324
0.306
0.328
0.383
0.316
0.301
0.283
0.323
0.216
0.278
0.379
0.342
0.350
0.350
0.241
0.383
0.377
0.395
0.354
0.395
0.298
0.327
0.334
0.224
0.302
0.386
0.214
0.366
0.279
0.336
0.361
0.244
0.399
0.400
0.216
0.279
0.361
0.383
0.337
0.270
0.389
0.313
0.357
0.239
0.349
0.218
0.278
0.360
0.206
0.232
0.360
0.262
0.278
0.224
0.391
0.272
0.257
0.241
0.354
0.321
0.396
0.236
0.306
0.211
0.338
0.261
0.354
0.386
0.295
0.386
0.370
0.230
0.399
0.366
0.219
0.321
0.354
0.348
0.360
0.244
0.308
0.344
0.384
0.396
0.206
0.378
0.257
0.265
0.298
0.259
0.307
0.263
0.346
0.257
0.277
0.360
0.253
0.273
0.265
0.336
0.379
0.257
0.377
0.361
0.235
0.263
0.246
0.383
0.390
0.356
0.364
0.373
0.320
0.218
0.308
0.203
0.219
0.231
0.356
0.249
0.254
0.328
0.204
0.231
0.357
0.385
0.242
0.230
0.317
0.384
0.292
0.203
0.287
0.286
0.229
0.326
0.399
0.394
0.300
0.388
0.387
0.341
0.366
0.274
0.228
0.353
0.223
0.243
0.340
0.388
0.383
0.387
0.208
0.366
0.310
0.247
0.332
0.230
0.262
0.269
0.293
0.344
0.296
0.233
0.210
0.235
0.229
0.399
0.358
0.246
0.210
0.320
0.366
0.201
0.398
0.342
0.338
0.210
0.274
0.202
0.257
0.298
0.264
0.353
0.344
0.226
0.213
0.377
0.227
0.369
0.312
0.238
0.265
0.318
0.310
0.395
0.357
0.363
0.366
0.203
0.342
0.365
0.323
0.399
0.321
0.399
0.381
0.204
0.348
0.260
0.332
0.374
0.270
0.283
0.397
0.298
0.250
0.362
0.214
0.346
0.360
0.261
0.244
0.367
0.312
0.201
0.362
0.353
0.293
0.260
0.218
0.218
0.349
0.398
0.251
0.209
0.217
0.260
0.285
0.254
0.352
0.316
0.394
0.293
0.261
0.205
0.223
0.324
0.200
0.273
0.286
0.393
0.214
0.248
0.309
0.282
0.228
0.346
0.242
0.261
0.216
0.221
0.218
0.265
0.207
0.376
0.358
0.313
0.384
0.264
0.277
0.316
0.382
0.290
0.223
0.262
0.296
0.341
0.322
0.241
0.399
0.288
0.201
0.335
0.266
0.375
0.349
0.268
0.398
0.288
0.220
0.250
0.380
0.247
0.324
0.234
0.386
0.364
0.345
0.247
0.314
0.284
0.203
0.368
0.248
0.310
0.273
0.392
0.255
0.324
0.308
0.363
0.311
0.220
0.359
0.367
0.279
0.321
0.317
0.354
0.368
0.334
0.347
0.226
0.304
0.302
0.386
0.270
0.258
0.372
0.286
0.248
0.365
0.335
0.242
0.227
0.382
0.227
0.314
0.326
0.376
0.265
0.325
0.220
0.243
0.243
0.343
0.348
0.233
0.266
0.287
0.351
0.209
0.344
0.339
0.251
0.245
0.309
0.292
0.372
0.398
0.295
0.376
0.231
0.233
0.314
0.228
0.303
0.327
0.220
0.353
0.227
0.382
0.260
0.270
0.285
0.212
0.364
0.273
0.229
0.329
0.325
0.329
0.386
0.202
0.203
0.327
0.299
0.269
0.211
0.365
0.243
0.230
0.339
0.354
0.243
0.354
0.225
0.319
0.299
0.316
0.273
0.296
0.327
0.266
0.295
0.308
0.228
0.375
0.306
0.346
0.365
0.207
0.302
0.216
0.390
0.213
0.272
0.321
0.272
0.271
0.270
0.210
0.356
0.356
0.309
0.281
0.373
0.264
0.336
0.222
0.262
0.368
0.323
0.393
0.283
0.290
0.308
0.339
0.269
0.212
0.390
0.332
0.311
0.334
0.351
0.222
0.390
0.229
0.311
0.388
0.227
0.315
0.382
0.208
0.216
0.234
0.204
0.353
0.203
0.299
0.238
0.270
0.225
0.245
0.364
0.370
0.360
0.389
0.270
0.202
0.287
0.369
0.323
0.372
0.364
0.251
0.202
0.216
0.317
0.225
0.361
0.317
0.393
0.212
0.284
0.261
0.216
0.362
0.216
0.214
0.311
0.333
0.332
0.220
0.333
0.232
0.264
0.312
0.346
0.264
0.322
0.345
0.203
0.355
0.379
0.234
0.249
0.294
0.299
0.210
0.348
0.360
0.279
0.319
0.217
0.257
0.398
0.319
0.284
0.346
0.319
0.302
0.270
0.316
0.228
0.265
0.372
0.286
0.214
0.206
0.291
0.266
0.269
0.215
0.207
0.306
0.226
0.354
0.361
0.202
0.362
0.368
0.312
0.291
0.328
0.324
0.385
0.377
0.225
0.293
0.220
0.247
0.324
0.238
0.339
0.214
0.220
0.304
0.302
0.214
0.301
0.269
0.385
0.312
0.386
0.337
0.266
0.228
0.294
0.391
0.280
0.214
0.231
0.371
0.290
0.396
0.203
0.326
0.345
0.375
0.297
0.224
0.245
0.340
0.232
0.268
0.373
0.221
0.253
0.257
0.364
0.320
0.262
0.244
0.331
0.251
0.248
0.349
0.307
0.317
0.378
0.258
0.321
0.365
0.213
0.320
0.223
0.203
0.278
0.252
0.399
0.351
0.292
0.382
0.206
0.382
0.232
0.346
0.390
0.358
0.324
0.318
0.392
0.238
0.372
0.264
0.297
0.392
0.205
0.297
0.326
0.363
0.314
0.291
0.280
0.388
0.278
0.325
0.399
0.400
0.346
0.234
0.388
0.315
0.347
0.385
0.277
0.208
0.262
0.390
0.239
0.211
0.201
0.262
0.346
0.319
0.373
0.390
0.311
0.258
0.269
0.204
0.301
0.362
0.335
0.295
0.234
0.277
0.226
0.352
0.250
0.220
0.213
0.293
0.225
0.382
0.395
0.366
0.236
0.277
0.340
0.313
0.359
0.363
0.218
0.350
0.381
0.204
0.237
0.308
0.386
0.245
0.203
0.239
0.339
0.360
0.234
0.388
0.318
0.374
0.221
0.369
0.252
0.216
0.234
0.249
0.261
0.345
0.325
0.333
0.353
0.270
0.339
0.334
0.395
0.358
0.389
0.335
0.350
0.211
0.212
0.254
0.390
0.392
0.289
0.357
0.254
0.303
0.330
0.257
0.334
0.309
0.263
0.317
0.350
0.334
0.245
0.296
0.296
0.255
0.390
0.317
0.208
0.224
0.360
0.259
0.340
0.362
0.225
0.303
0.336
0.324
0.290
0.310
0.360
0.279
0.252
0.293
0.364
0.296
0.395
0.220
0.392
0.313
0.290
0.318
0.244
0.221
0.380
0.293
0.304
0.293
0.231
0.261
0.353
0.297
0.305
0.296
0.207
0.289
0.271
0.358
0.390
0.260
0.304
0.283
0.253
0.282
0.276
0.322
0.320
0.285
0.264
0.253
0.377
0.253
0.287
0.384
0.300
0.336
0.232
0.202
0.270
0.232
0.309
0.383
0.358
0.239
0.307
0.354
0.284
0.300
0.226
0.233
0.313
0.220
0.267
0.306
0.320
0.290
0.367
0.319
0.263
0.392
0.287
0.269
0.379
0.391
0.305
0.284
0.324
0.301
0.367
0.325
0.269
0.223
0.397
0.345
0.269
0.326
0.379
0.269
0.361
0.239
0.295
0.265
0.254
0.202
0.311
0.397
0.322
0.344
0.311
0.276
0.342
0.360
0.230
0.257
0.391
0.245
0.279
0.320
0.371
0.230
0.379
0.210
0.206
0.302
0.232
0.354
0.389
0.310
0.258
0.339
0.314
0.311
0.249
0.365
0.398
0.372
0.371
0.369
0.211
0.211
0.218
0.310
0.233
0.265
0.252
0.256
0.280
0.232
0.311
0.326
0.378
0.280
0.233
0.298
0.368
0.356
0.291
0.336
0.200
0.335
0.267
0.267
0.205
0.384
0.266
0.247
0.297
0.219
0.309
0.253
0.235
0.325
0.292
0.334
0.309
0.331
0.351
0.245
0.209
0.343
0.221
0.332
0.224
0.375
0.293
0.311
0.245
0.257
0.239
0.374
0.256
0.363
0.351
0.365
0.243
0.301
0.268
0.235
0.233
0.275
0.347
0.243
0.331
0.389
0.357
0.310
0.371
0.399
0.306
0.270
0.386
0.288
0.226
0.302
0.342
0.235
0.270
0.376
0.289
0.226
0.275
0.392
0.375
0.356
0.273
0.316
0.219
0.246
0.223
0.254
0.216
0.359
0.205
0.314
0.371
0.349
0.351
0.359
0.283
0.368
0.228
0.203
0.203
0.216
0.350
0.312
0.280
0.387
0.321
0.221
0.354
0.204
0.260
0.383
0.202
0.369
0.302
0.352
0.379
0.352
0.336
0.299
0.330
0.373
0.303
0.316
0.238
0.341
0.287
0.355
0.265
0.212
0.395
0.208
0.294
0.296
0.395
0.393
0.271
0.335
0.370
0.244
0.285
0.346
0.241
0.270
0.246
0.391
0.286
0.300
0.291
0.255
0.312
0.203
0.372
0.365
0.317
0.299
0.214
0.339
0.249
0.351
0.213
0.217
0.365
0.397
0.335
0.264
0.387
0.341
0.326
0.248
0.297
0.382
0.316
0.293
0.325
0.392
0.265
0.259
0.262
0.275
0.231
0.318
0.340
0.327
0.252
0.379
0.275
0.260
0.212
0.221
0.201
0.268
0.267
0.285
0.338
0.224
0.247
0.207
0.318
0.279
0.315
0.265
0.238
0.394
0.204
0.335
0.322
0.396
0.272
0.259
0.210
0.334
0.285
0.224
0.251
0.208
0.213
0.382
0.272
0.368
0.201
0.322
0.251
0.326
0.321
0.368
0.215
0.329
0.371
0.373
0.207
0.270
0.252
0.349
0.298
0.241
0.253
0.371
0.286
0.336
0.204
0.257
0.225
0.347
0.202
0.258
0.242
0.226
0.273
0.224
0.287
0.316
0.320
0.203
0.306
0.344
0.282
0.344
0.313
0.315
0.298
0.341
0.297
0.283
0.395
0.399
0.328
0.206
0.224
0.210
0.317
0.328
0.368
0.379
0.243
0.370
0.323
0.218
0.277
0.247
0.325
0.399
0.356
0.242
0.280
0.224
0.245
0.392
0.225
0.200
0.298
0.376
0.313
0.330
0.364
0.348
0.314
0.223
0.315
0.394
0.200
0.253
0.284
0.389
0.241
0.211
0.251
0.225
0.263
0.221
0.218
0.361
0.367
0.388
0.250
0.280
0.333
0.353
0.256
0.255
0.251
0.288
0.273
0.231
0.390
0.360
0.284
0.393
0.242
0.334
0.212
0.359
0.279
0.242
0.272
0.265
0.212
0.279
0.379
0.224
0.299
0.398
0.315
0.333
0.386
0.344
0.225
0.246
0.224
0.289
0.245
0.233
0.269
0.385
0.382
0.370
0.371
0.327
0.218
0.367
0.228
0.239
0.335
0.337
0.298
0.250
0.374
0.359
0.379
0.362
0.363
0.389
0.285
0.260
0.294
0.227
0.364
0.278
0.378
0.396
0.289
0.251
0.337
0.281
0.261
0.315
0.221
0.217
0.218
0.260
0.385
0.232
0.301
0.385
0.244
0.248
0.389
0.221
0.340
0.217
0.209
0.259
0.291
0.209
0.261
0.286
0.230
0.360
0.259
0.345
0.238
0.245
0.339
0.360
0.363
0.224
0.294
0.224
0.231
0.201
0.208
0.268
0.212
0.387
0.236
0.256
0.203
0.355
0.364
0.230
0.381
0.333
0.365
0.252
0.242
0.242
0.389
0.361
0.250
0.295
0.334
0.292
0.318
0.265
0.226
0.386
0.373
0.353
0.248
0.290
0.347
0.349
0.261
0.320
0.274
0.271
0.389
0.340
0.384
0.256
0.304
0.243
0.332
0.310
0.346
0.341
0.363
0.378
0.263
0.219
0.342
0.321
0.284
0.299
0.357
0.237
0.220
0.310
0.260
0.315
0.242
0.297
0.309
0.227
0.275
0.374
0.237
0.375
0.213
0.280
0.341
0.359
0.250
0.363
0.298
0.306
0.387
0.365
0.375
0.333
0.330
0.362
0.379
0.344
0.349
0.382
0.295
0.206
0.290
0.350
0.301
0.322
0.218
0.338
0.312
0.330
0.389
0.225
0.268
0.210
0.366
0.353
0.300
0.319
0.341
0.284
0.318
0.222
0.367
0.253
0.284
0.256
0.288
0.308
0.285
0.247
0.256
0.221
0.374
0.260
0.390
0.217
0.279
0.298
0.395
0.344
0.221
0.324
0.258
0.288
0.363
0.244
0.332
0.282
0.237
0.302
0.301
0.230
0.291
0.293
0.277
0.311
0.344
0.272
0.266
0.394
0.384
0.205
0.360
0.387
0.292
0.256
0.229
0.285
0.280
0.386
0.255
0.364
0.264
0.295
0.239
0.283
0.261
0.266
0.282
0.264
0.274
0.369
0.399
0.266
0.302
0.267
0.256
0.341
0.246
0.236
0.252
0.251
0.375
0.306
0.294
0.378
0.235
0.332
0.327
0.262
0.315
0.211
0.295
0.283
0.249
0.204
0.375
0.368
0.378
0.369
0.364
0.315
0.349
0.374
0.318
0.233
0.328
0.211
0.289
0.352
0.363
0.271
0.202
0.384
0.251
0.343
0.301
0.363
0.212
0.261
0.246
0.380
0.238
0.252
0.311
0.209
0.252
0.238
0.318
0.245
0.283
0.235
0.249
0.245
0.349
0.256
0.249
0.244
0.208
0.390
0.312
0.254
0.272
0.302
0.233
0.241
0.298
0.248
0.269
0.303
0.391
0.365
0.254
0.300
0.214
0.229
0.382
0.255
0.396
0.305
0.338
0.368
0.398
0.301
0.210
0.302
0.315
0.347
0.362
0.325
0.340
0.277
0.217
0.363
0.304
0.400
0.218
0.252
0.206
0.324
0.292
0.345
0.253
0.393
0.376
0.350
0.359
0.327
0.380
0.273
0.223
0.282
0.376
0.237
0.398
0.304
0.325
0.300
0.359
0.298
0.302
0.295
0.395
0.303
0.236
0.354
0.328
0.261
0.379
0.374
0.243
0.221
0.284
0.370
0.361
0.372
0.220
0.282
0.391
0.370
0.347
0.306
0.285
0.287
0.297
0.356
0.303
0.238
0.367
0.269
0.260
0.290
0.271
0.218
0.231
0.208
0.330
0.214
0.279
0.353
0.210
0.315
0.204
0.328
0.303
0.270
0.335
0.212
0.224
0.317
0.354
0.220
0.332
0.364
0.298
0.257
0.349
0.371
0.383
0.369
0.266
0.360
0.212
0.292
0.344
0.279
0.387
0.223
0.381
0.226
0.302
0.395
0.260
0.245
0.246
0.327
0.333
0.200
0.217
0.209
0.399
0.380
0.334
0.357
0.239
0.255
0.258
0.235
0.393
0.289
0.225
0.232
0.365
0.279
0.209
0.393
0.302
0.214
0.306
0.293
0.296
0.210
0.304
0.348
0.315
0.398
0.327
0.332
0.237
0.374
0.206
0.330
0.378
0.297
0.243
0.329
0.205
0.244
0.342
0.263
0.284
0.228
0.270
0.311
0.329
0.202
0.263
0.222
0.337
0.235
0.217
0.293
0.323
0.288
0.279
0.377
0.355
0.228
0.383
0.282
0.212
0.275
0.245
0.201
0.369
0.345
0.238
0.263
0.254
0.288
0.336
0.329
0.330
0.303
0.385
0.366
0.229
0.323
0.369
0.302
0.283
0.359
0.391
0.263
0.389
0.352
0.327
0.292
0.354
0.394
0.347
0.228
0.334
0.223
0.306
0.302
0.350
0.252
0.224
0.373
0.250
0.281
0.400
0.207
0.351
0.219
0.211
0.201
0.250
0.321
0.280
0.399
0.257
0.223
0.264
0.234
0.217
0.208
0.376
0.369
0.204
0.274
0.353
0.332
0.380
0.357
0.292
0.382
0.372
0.255
0.302
0.257
0.390
0.373
0.349
0.239
0.233
0.202
0.365
0.263
0.301
0.237
0.263
0.347
0.388
0.266
0.258
0.224
0.300
0.239
0.214
0.257
0.289
0.378
0.288
0.372
0.352
0.258
0.374
0.219
0.337
0.331
0.237
0.400
0.302
0.343
0.254
0.239
0.369
0.291
0.350
0.398
0.279
0.244
0.273
0.236
0.230
0.352
0.209
0.270
0.324
0.239
0.268
0.380
0.369
0.245
0.215
0.234
0.222
0.290
0.318
0.372
0.228
0.331
0.360
0.203
0.363
0.383
0.330
0.287
0.350
0.360
0.315
0.237
0.327
0.231
0.242
0.284
0.364
0.400
0.372
0.365
0.368
0.383
0.289
0.313
0.256
0.380
0.318
0.291
0.361
0.242
0.380
0.218
0.358
0.244
0.269
0.265
0.369
0.372
0.363
0.369
0.223
0.361
0.236
0.257
0.368
0.301
0.239
0.375
0.374
0.327
0.321
0.261
0.236
0.293
0.359
0.262
0.391
0.306
0.391
0.246
0.348
0.369
0.222
0.287
0.209
0.375
0.368
0.329
0.255
0.287
0.287
0.268
0.240
0.347
0.284
0.289
0.304
0.282
0.389
0.297
0.274
0.256
0.250
0.396
0.320
0.318
0.355
0.235
0.341
0.219
0.234
0.225
0.304
0.232
0.358
0.233
0.334
0.271
0.314
0.340
0.206
0.395
0.306
0.346
0.252
0.299
0.341
0.379
0.235
0.242
0.399
0.218
0.307
0.291
0.381
0.227
0.396
0.258
0.230
0.370
0.338
0.376
0.247
0.385
0.370
0.363
0.339
0.361
0.295
0.208
0.279
0.218
0.398
0.239
0.359
0.347
0.322
0.267
0.348
0.371
0.350
0.201
0.367
0.376
0.214
0.265
0.300
0.329
0.392
0.225
0.229
0.376
0.209
0.336
0.391
0.201
0.233
0.212
0.264
0.318
0.224
0.311
0.321
0.222
0.341
0.348
0.315
0.358
0.257
0.365
0.269
0.200
0.205
0.205
0.249
0.346
0.282
0.261
0.307
0.326
0.341
0.288
0.307
0.216
0.278
0.312
0.265
0.311
0.256
0.348
0.316
0.278
0.365
0.279
0.288
0.323
0.285
0.274
0.238
0.271
0.277
0.391
0.233
0.257
0.259
0.353
0.230
0.319
0.254
0.292
0.323
0.230
0.249
0.315
0.234
0.253
0.228
0.270
0.265
0.302
0.282
0.214
0.339
0.231
0.264
0.223
0.326
0.359
0.280
0.227
0.326
0.326
0.346
0.325
0.208
0.305
0.327
0.268
0.307
0.218
0.339
0.276
0.296
0.266
0.234
0.317
0.342
0.269
0.244
0.391
0.272
0.229
0.243
0.295
0.259
0.231
0.273
0.297
0.398
0.210
0.309
0.305
0.269
0.340
0.391
0.338
0.294
0.262
0.390
0.345
0.319
0.331
0.398
0.307
0.307
0.280
0.231
0.245
0.380
0.258
0.267
0.308
0.267
0.226
0.249
0.300
0.342
0.278
0.327
0.214
0.258
0.235
0.396
0.282
0.318
0.242
0.334
0.230
0.267
0.375
0.373
0.356
0.238
0.207
0.342
0.338
0.257
0.255
0.395
0.322
0.254
0.356
0.278
0.322
0.222
0.273
0.204
0.216
0.292
0.302
0.363
0.371
0.252
0.391
0.290
0.384
0.361
0.203
0.231
0.244
0.249
0.268
0.277
0.344
0.216
0.256
0.374
0.375
0.376
0.316
0.310
0.370
0.374
0.217
0.272
0.318
0.282
0.200
0.242
0.324
0.389
0.301
0.319
0.257
0.281
0.307
0.374
0.218
0.223
0.370
0.217
0.317
0.373
0.203
0.295
0.347
0.393
0.302
0.298
0.347
0.324
0.299
0.380
0.310
0.336
0.205
0.288
0.217
0.292
0.254
0.244
0.357
0.244
0.344
0.320
0.232
0.218
0.214
0.339
0.285
0.263
0.342
0.318
0.328
0.297
0.233
0.268
0.333
0.291
0.389
0.281
0.255
0.358
0.229
0.381
0.336
0.262
0.222
0.332
0.390
0.222
0.244
0.304
0.251
0.230
0.390
0.221
0.322
0.213
0.278
0.362
0.335
0.400
0.308
0.205
0.261
0.339
0.313
0.335
0.348
0.234
0.371
0.395
0.363
0.337
0.272
0.302
0.329
0.329
0.362
0.284
0.223
0.302
0.223
0.364
0.370
0.394
0.380
0.243
0.340
0.257
0.347
0.331
0.228
0.292
0.338
0.311
0.286
0.305
0.281
0.354
0.289
0.304
0.286
0.276
0.222
0.274
0.322
0.226
0.228
0.373
0.389
0.224
0.366
0.267
0.228
0.242
0.347
0.278
0.347
0.229
0.301
0.395
0.289
0.349
0.387
0.358
0.337
0.382
0.256
0.336
0.257
0.319
0.230
0.330
0.317
0.205
0.217
0.313
0.230
0.372
0.270
0.309
0.336
0.264
0.226
0.390
0.310
0.221
0.202
0.301
0.319
0.241
0.353
0.287
0.227
0.359
0.324
0.311
0.372
0.342
0.282
0.219
0.288
0.345
0.236
0.347
0.350
0.373
0.284
0.317
0.389
0.265
0.383
0.276
0.257
0.332
0.385
0.395
0.214
0.365
0.288
0.323
0.273
0.326
0.275
0.214
0.373
0.264
0.338
0.278
0.342
0.217
0.396
0.337
0.252
0.246
0.263
0.257
0.294
0.312
0.226
0.264
0.395
0.256
0.244
0.346
0.353
0.300
0.379
0.316
0.230
0.228
0.222
0.259
0.389
0.362
0.387
0.247
0.329
0.226
0.261
0.251
0.387
0.217
0.238
0.264
0.349
0.240
0.257
0.312
0.317
0.345
0.393
0.221
0.257
0.312
0.305
0.338
0.357
0.237
0.316
0.318
0.386
0.312
0.336
0.234
0.272
0.290
0.319
0.217
0.208
0.215
0.226
0.359
0.261
0.282
0.272
0.213
0.310
0.286
0.397
0.279
0.333
0.278
0.287
0.240
0.347
0.244
0.244
0.380
0.361
0.342
0.279
0.262
0.235
0.336
0.263
0.339
0.358
0.226
0.244
0.376
0.356
0.369
0.283
0.277
0.218
0.398
0.212
0.325
0.382
0.249
0.375
0.288
0.377
0.385
0.296
0.396
0.326
0.333
0.330
0.242
0.299
0.288
0.223
0.343
0.279
0.371
0.339
0.318
0.322
0.201
0.316
0.366
0.301
0.263
0.293
0.254
0.205
0.219
0.288
0.354
0.350
0.374
0.379
0.364
0.246
0.269
0.281
0.331
0.246
0.209
0.320
0.290
0.305
0.319
0.396
0.302
0.316
0.372
0.228
0.201
0.249
0.219
0.306
0.257
0.352
0.377
0.342
0.308
0.257
0.282
0.396
0.233
0.266
0.343
0.218
0.388
0.221
0.264
0.243
0.258
0.332
0.359
0.207
0.307
0.228
0.316
0.353
0.233
0.279
0.314
0.333
0.320
0.279
0.276
0.296
0.385
0.204
0.291
0.257
0.242
0.231
0.240
0.329
0.368
0.351
0.310
0.295
0.220
0.351
0.316
0.226
0.360
0.306
0.201
0.325
0.368
0.365
0.259
0.222
0.243
0.353
0.250
0.205
0.326
0.339
0.272
0.218
0.223
0.205
0.328
0.311
0.204
0.352
0.220
0.305
0.302
0.267
0.327
0.319
0.287
0.391
0.383
0.219
0.320
0.340
0.377
0.325
0.213
0.325
0.390
0.245
0.351
0.204
0.316
0.238
0.269
0.260
0.319
0.351
0.252
0.243
0.308
0.207
0.355
0.377
0.310
0.231
0.278
0.205
0.222
0.304
0.226
0.251
0.345
0.289
0.211
0.290
0.383
0.398
0.209
0.215
0.391
0.273
0.332
0.336
0.326
0.214
0.353
0.300
0.357
0.285
0.310
0.227
0.301
0.345
0.276
0.221
0.393
0.372
0.343
0.370
0.263
0.262
0.214
0.346
0.336
0.394
0.392
0.208
0.272
0.371
0.374
0.348
0.290
0.322
0.332
0.346
0.321
0.305
0.294
0.340
0.400
0.257
0.359
0.328
0.273
0.297
0.383
0.260
0.263
0.271
0.234
0.293
0.399
0.212
0.337
0.296
0.230
0.287
0.370
0.229
0.388
0.324
0.357
0.362
0.294
0.249
0.286
0.306
0.229
0.304
0.383
0.386
0.346
0.219
0.329
0.244
0.331
0.308
0.322
0.305
0.320
0.399
0.393
0.311
0.265
0.257
0.375
0.331
0.206
0.270
0.258
0.399
0.321
0.317
0.355
0.254
0.360
0.253
0.238
0.370
0.201
0.260
0.316
0.271
0.251
0.353
0.370
0.239
0.201
0.308
0.385
0.265
0.353
0.303
0.388
0.245
0.367
0.320
0.253
0.394
0.301
0.206
0.394
0.399
0.220
0.272
0.239
0.234
0.338
0.263
0.329
0.328
0.210
0.392
0.343
0.338
0.331
0.321
0.331
0.342
0.313
0.253
0.398
0.378
0.237
0.203
0.314
0.235
0.369
0.288
0.269
0.291
0.391
0.222
0.326
0.281
0.339
0.393
0.291
0.273
0.229
0.289
0.256
0.280
0.289
0.289
0.304
0.354
0.232
0.228
0.320
0.299
0.352
0.351
0.303
0.324
0.368
0.269
0.358
0.393
0.363
0.336
0.254
0.217
0.375
0.302
0.355
0.249
0.376
0.301
0.324
0.295
0.381
0.330
0.296
0.317
0.223
0.362
0.352
0.209
0.372
0.380
0.299
0.302
0.364
0.350
0.233
0.376
0.313
0.283
0.243
0.393
0.307
0.362
0.287
0.388
0.313
0.292
0.371
0.253
0.230
0.369
0.291
0.202
0.258
0.330
0.384
0.384
0.348
0.305
0.399
0.262
0.297
0.301
0.373
0.243
0.317
0.273
0.382
0.232
0.305
0.350
0.397
0.301
0.309
0.235
0.229
0.361
0.282
0.269
0.399
0.343
0.223
0.353
0.316
0.266
0.376
0.325
0.283
0.303
0.377
0.383
0.269
0.249
0.241
0.256
0.331
0.284
0.335
0.203
0.389
0.253
0.380
0.356
0.390
0.251
0.344
0.277
0.330
0.373
0.343
0.259
0.311
0.371
0.330
0.257
0.287
0.324
0.364
0.322
0.356
0.310
0.278
0.228
0.259
0.241
0.309
0.380
0.260
0.346
0.300
0.370
0.307
0.317
0.269
0.283
0.390
0.359
0.377
0.399
0.272
0.358
0.253
0.400
0.338
0.369
0.336
0.220
0.370
0.364
0.255
0.234
0.362
0.243
0.280
0.353
0.249
0.206
0.244
0.324
0.228
0.334
0.380
0.222
0.319
0.283
0.398
0.347
0.321
0.335
0.234
0.371
0.231
0.217
0.209
0.287
0.299
0.222
0.389
0.258
0.287
0.330
0.207
0.202
0.265
0.243
0.329
0.257
0.341
0.332
0.298
0.278
0.391
0.337
0.226
0.236
0.290
0.269
0.228
0.381
0.228
0.204
0.388
0.270
0.352
0.369
0.252
0.204
0.231
0.320
0.215
0.331
0.370
0.345
0.391
0.360
0.341
0.386
0.234
0.319
0.328
0.299
0.333
0.365
0.209
0.273
0.245
0.264
0.283
0.265
0.202
0.310
0.203
0.223
0.398
0.263
0.321
0.245
0.337
0.255
0.370
0.261
0.258
0.298
0.370
0.248
0.369
0.348
0.316
0.252
0.400
0.383
0.245
0.398
0.293
0.368
0.304
0.366
0.314
0.241
0.317
0.264
0.396
0.237
0.202
0.318
0.222
0.261
0.247
0.218
0.355
0.374
0.399
0.239
0.239
0.233
0.246
0.323
0.396
0.235
0.283
0.218
0.339
0.271
0.377
0.278
0.362
0.315
0.324
0.312
0.277
0.240
0.326
0.284
0.216
0.222
0.262
0.299
0.282
0.260
0.207
0.226
0.392
0.381
0.229
0.303
0.267
0.245
0.279
0.297
0.364
0.280
0.207
0.298
0.381
0.218
0.350
0.257
0.215
0.387
0.308
0.263
0.332
0.327
0.358
0.227
0.300
0.313
0.331
0.272
0.305
0.269
0.335
0.294
0.336
0.338
0.315
0.318
0.234
0.375
0.237
0.367
0.363
0.232
0.267
0.332
0.364
0.321
0.320
0.289
0.308
0.232
0.260
0.272
0.322
0.360
0.365
0.359
0.213
0.324
0.311
0.272
0.312
0.248
0.232
0.210
0.386
0.353
0.317
0.287
0.382
0.394
0.288
0.226
0.351
0.259
0.246
0.227
0.332
0.366
0.218
0.223
0.214
0.273
0.327
0.380
0.286
0.212
0.367
0.321
0.238
0.323
0.212
0.389
0.376
0.343
0.386
0.345
0.207
0.306
0.249
0.325
0.337
0.345
0.308
0.283
0.396
0.210
0.355
0.330
0.229
0.348
0.244
0.276
0.378
0.306
0.276
0.355
0.308
0.235
0.256
0.360
0.349
0.279
0.259
0.357
0.289
0.219
0.259
0.289
0.302
0.305
0.293
0.225
0.222
0.360
0.337
0.266
0.227
0.334
0.237
0.317
0.233
0.337
0.391
0.243
0.281
0.272
0.253
0.273
0.378
0.392
0.321
0.223
0.365
0.286
0.273
0.233
0.365
0.347
0.309
0.399
0.291
0.372
0.359
0.399
0.316
0.353
0.348
0.219
0.354
0.394
0.283
0.375
0.387
0.266
0.307
0.375
0.370
0.345
0.281
0.386
0.346
0.337
0.335
0.290
0.242
0.262
0.254
0.216
0.266
0.371
0.335
0.284
0.279
0.270
0.351
0.331
0.394
0.332
0.293
0.332
0.214
0.381
0.350
0.213
0.299
0.383
0.367
0.252
0.313
0.364
0.218
0.301
0.225
0.253
0.204
0.359
0.274
0.299
0.297
0.317
0.274
0.247
0.263
0.314
0.216
0.241
0.269
0.306
0.217
0.221
0.306
0.332
0.308
0.263
0.233
0.255
0.304
0.363
0.323
0.269
0.393
0.225
0.225
0.218
0.328
0.327
0.397
0.320
0.392
0.302
0.370
0.272
0.313
0.265
0.249
0.200
0.254
0.288
0.312
0.240
0.324
0.339
0.308
0.295
0.347
0.269
0.255
0.329
0.250
0.249
0.293
0.296
0.259
0.250
0.322
0.216
0.265
0.289
0.328
0.268
0.306
0.283
0.215
0.382
0.366
0.359
0.273
0.393
0.319
0.374
0.373
0.310
0.393
0.268
0.397
0.228
0.338
0.360
0.377
0.384
0.319
0.373
0.302
0.265
0.333
0.349
0.359
0.275
0.256
0.321
0.208
0.362
0.316
0.260
0.309
0.375
0.350
0.241
0.381
0.211
0.290
0.307
0.396
0.302
0.387
0.230
0.362
0.381
0.244
0.307
0.286
0.383
0.342
0.289
0.380
0.362
0.257
0.363
0.278
0.337
0.318
0.231
0.201
0.317
0.267
0.202
0.238
0.348
0.249
0.299
0.371
0.312
0.243
0.381
0.255
0.379
0.361
0.394
0.264
0.357
0.394
0.253
0.361
0.300
0.302
0.227
0.394
0.231
0.395
0.263
0.362
0.254
0.334
0.277
0.209
0.250
0.244
0.316
0.227
0.313
0.296
0.355
0.244
0.392
0.215
0.360
0.276
0.307
0.258
0.356
0.292
0.205
0.284
0.332
0.297
0.278
0.212
0.249
0.269
0.319
0.285
0.359
0.298
0.298
0.256
0.265
0.394
0.236
0.259
0.364
0.373
0.238
0.208
0.310
0.338
0.257
0.357
0.368
0.399
0.333
0.228
0.299
0.264
0.223
0.323
0.226
0.264
0.280
0.400
0.381
0.278
0.365
0.201
0.227
0.331
0.234
0.266
0.229
0.325
0.263
0.229
0.390
0.366
0.256
0.316
0.362
0.389
0.271
0.391
0.335
0.277
0.260
0.342
0.250
0.370
0.251
0.260
0.312
0.212
0.384
0.350
0.223
0.287
0.395
0.253
0.372
0.254
0.279
0.312
0.223
0.270
0.335
0.265
0.333
0.295
0.213
0.272
0.265
0.229
0.242
0.256
0.244
0.357
0.381
0.316
0.257
0.397
0.387
0.267
0.276
0.229
0.373
0.264
0.275
0.335
0.232
0.236
0.220
0.343
0.321
0.263
0.211
0.327
0.267
0.303
0.239
0.362
0.288
0.297
0.391
0.375
0.331
0.318
0.273
0.302
0.274
0.233
0.265
0.229
0.235
0.294
0.240
0.392
0.273
0.236
0.396
0.367
0.399
0.267
0.336
0.381
0.269
0.333
0.210
0.274
0.259
0.345
0.337
0.395
0.287
0.309
0.326
0.372
0.336
0.306
0.320
0.350
0.345
0.269
0.296
0.332
0.357
0.268
0.208
0.340
0.385
0.203
0.269
0.216
0.298
0.381
0.385
0.205
0.209
0.380
0.334
0.207
0.328
0.398
0.365
0.299
0.272
0.282
0.361
0.367
0.306
0.242
0.217
0.333
0.248
0.376
0.362
0.392
0.279
0.211
0.277
0.223
0.371
0.319
0.373
0.208
0.251
0.265
0.324
0.293
0.256
0.268
0.238
0.284
0.257
0.351
0.338
0.266
0.301
0.302
0.357
0.218
0.215
0.358
0.316
0.238
0.282
0.386
0.301
0.384
0.243
0.343
0.310
0.353
0.386
0.220
0.387
0.282
0.389
0.258
0.258
0.322
0.266
0.254
0.339
0.257
0.271
0.333
0.290
0.256
0.310
0.316
0.266
0.396
0.269
0.320
0.376
0.319
0.204
0.275
0.278
0.382
0.341
0.228
0.392
0.361
0.373
0.270
0.311
0.350
0.341
0.383
0.303
0.344
0.288
0.288
0.240
0.212
0.323
0.229
0.256
0.232
0.362
0.207
0.342
0.301
0.231
0.287
0.242
0.363
0.228
0.223
0.284
0.318
0.250
0.259
0.218
0.270
0.392
0.395
0.295
0.200
0.221
0.287
0.360
0.324
0.367
0.303
0.280
0.208
0.276
0.323
0.378
0.338
0.266
0.345
0.271
0.247
0.357
0.337
0.370
0.255
0.316
0.395
0.273
0.336
0.341
0.387
0.372
0.321
0.399
0.367
0.381
0.370
0.369
0.322
0.288
0.242
0.240
0.229
0.261
0.344
0.308
0.347
0.393
0.227
0.260
0.249
0.271
0.313
0.326
0.394
0.342
0.342
0.231
0.235
0.301
0.229
0.306
0.263
0.382
0.374
0.254
0.286
0.302
0.266
0.251
0.204
0.226
0.279
0.228
0.372
0.387
0.348
0.298
0.288
0.258
0.282
0.343
0.347
0.218
0.212
0.211
0.309
0.287
0.331
0.279
0.222
0.237
0.300
0.207
0.358
0.233
0.346
0.232
0.313
0.317
0.396
0.217
0.226
0.350
0.230
0.390
0.286
0.251
0.280
0.233
0.340
0.270
0.238
0.385
0.332
0.291
0.267
0.349
0.269
0.365
0.322
0.238
0.224
0.251
0.219
0.359
0.330
0.363
0.228
0.308
0.201
0.364
0.215
0.283
0.276
0.262
0.397
0.276
0.350
0.385
0.250
0.240
0.260
0.279
0.344
0.272
0.322
0.296
0.352
0.207
0.363
0.321
0.301
0.226
0.380
0.319
0.277
0.245
0.257
0.254
0.237
0.233
0.255
0.239
0.205
0.214
0.239
0.307
0.357
0.386
0.340
0.203
0.212
0.392
0.346
0.387
0.325
0.379
0.281
0.220
0.243
0.272
0.378
0.265
0.295
0.332
0.306
0.390
0.312
0.366
0.207
0.340
0.259
0.298
0.393
0.380
0.368
0.243
0.342
0.225
0.203
0.399
0.353
0.291
0.379
0.271
0.236
0.298
0.376
0.384
0.225
0.318
0.386
0.324
0.284
0.294
0.356
0.338
0.279
0.272
0.264
0.319
0.312
0.354
0.317
0.382
0.360
0.236
0.351
0.243
0.396
0.359
0.343
0.209
0.229
0.381
0.233
0.271
0.292
0.397
0.234
0.282
0.328
0.391
0.283
0.224
0.326
0.373
0.343
0.250
0.360
0.206
0.307
0.286
0.259
0.294
0.332
0.223
0.227
0.300
0.338
0.263
0.260
0.316
0.366
0.213
0.397
0.210
0.212
0.290
0.286
0.340
0.297
0.217
0.298
0.304
0.281
0.213
0.203
0.244
0.243
0.231
0.272
0.388
0.279
0.380
0.325
0.219
0.358
0.301
0.381
0.323
0.329
0.266
0.322
0.349
0.296
0.266
0.267
0.270
0.206
0.298
0.276
0.235
0.240
0.395
0.263
0.275
0.336
0.361
0.344
0.286
0.289
0.209
0.209
0.205
0.345
0.397
0.208
0.316
0.314
0.279
0.366
0.296
0.393
0.322
0.259
0.340
0.214
0.388
0.296
0.389
0.208
0.229
0.376
0.234
0.253
0.305
0.346
0.318
0.391
0.394
0.341
0.364
0.326
0.376
0.244
0.363
0.300
0.292
0.342
0.222
0.328
0.234
0.340
0.350
0.299
0.242
0.400
0.264
0.210
0.357
0.221
0.291
0.212
0.388
0.389
0.306
0.220
0.348
0.318
0.238
0.345
0.347
0.398
0.289
0.204
0.305
0.232
0.332
0.309
0.301
0.219
0.232
0.312
0.359
0.302
0.215
0.370
0.395
0.308
0.335
0.274
0.390
0.387
0.302
0.251
0.384
0.383
0.252
0.262
0.285
0.346
0.292
0.248
0.365
0.235
0.245
0.385
0.304
0.374
0.214
0.256
0.380
0.287
0.385
0.393
0.245
0.357
0.295
0.369
0.263
0.313
0.245
0.212
0.305
0.362
0.379
0.207
0.216
0.318
0.364
0.336
0.350
0.366
0.311
0.278
0.240
0.352
0.216
0.211
0.343
0.242
0.393
0.396
0.355
0.292
0.214
0.350
0.298
0.295
0.211
0.339
0.263
0.217
0.379
0.384
0.228
0.343
0.299
0.377
0.254
0.256
0.308
0.325
0.390
0.333
0.263
0.289
0.328
0.289
0.300
0.326
0.278
0.245
0.315
0.363
0.305
0.218
0.365
0.230
0.353
0.202
0.296
0.298
0.277
0.289
0.396
0.241
0.237
0.361
0.226
0.201
0.274
0.222
0.219
0.259
0.383
0.264
0.376
0.377
0.277
0.350
0.351
0.375
0.377
0.249
0.325
0.295
0.227
0.324
0.354
0.219
0.382
0.285
0.389
0.389
0.208
0.332
0.268
0.333
0.299
0.228
0.333
0.295
0.205
0.361
0.398
0.356
0.218
0.347
0.290
0.222
0.355
0.260
0.296
0.305
0.324
0.308
0.285
0.354
0.205
0.267
0.232
0.261
0.214
0.342
0.396
0.268
0.220
0.320
0.390
0.220
0.231
0.203
0.270
0.388
0.342
0.362
0.367
0.236
0.386
0.273
0.319
0.310
0.266
0.367
0.298
0.205
0.323
0.328
0.291
0.333
0.355
0.292
0.244
0.287
0.235
0.360
0.333
0.224
0.245
0.361
0.352
0.369
0.340
0.382
0.284
0.236
0.315
0.356
0.392
0.364
0.304
0.341
0.210
0.277
0.274
0.395
0.247
0.343
0.380
0.366
0.338
0.373
0.238
0.393
0.279
0.373
0.329
0.255
0.350
0.317
0.263
0.343
0.324
0.289
0.399
0.300
0.356
0.201
0.344
0.236
0.278
0.368
0.283
0.341
0.371
0.373
0.267
0.306
0.289
0.338
0.391
0.294
0.337
0.281
0.399
0.227
0.204
0.275
0.208
0.273
0.335
0.377
0.238
0.365
0.254
0.353
0.395
0.355
0.326
0.212
0.316
0.325
0.335
0.330
0.210
0.231
0.205
0.262
0.297
0.247
0.236
0.215
0.311
0.242
0.341
0.214
0.265
0.323
0.343
0.334
0.294
0.391
0.224
0.322
0.269
0.255
0.214
0.382
0.379
0.293
0.394
0.376
0.217
0.298
0.211
0.363
0.285
0.299
0.336
0.334
0.244
0.253
0.328
0.288
0.360
0.237
0.283
0.329
0.292
0.231
0.243
0.330
0.337
0.275
0.215
0.265
0.310
0.333
0.354
0.243
0.338
0.228
0.240
0.260
0.272
0.329
0.298
0.219
0.367
0.239
0.245
0.391
0.215
0.336
0.272
0.208
0.270
0.316
0.229
0.345
0.383
0.226
0.319
0.377
0.203
0.390
0.286
0.325
0.235
0.263
0.207
0.380
0.396
0.298
0.330
0.331
0.286
0.368
0.287
0.383
0.252
0.311
0.258
0.263
0.244
0.322
0.301
0.227
0.284
0.375
0.265
0.345
0.248
0.344
0.287
0.313
0.312
0.392
0.210
0.201
0.357
0.241
0.346
0.262
0.215
0.205
0.388
0.278
0.332
0.277
0.343
0.214
0.356
0.250
0.242
0.238
0.236
0.398
0.379
0.296
0.264
0.213
0.235
0.309
0.348
0.252
0.390
0.353
0.257
0.212
0.344
0.332
0.267
0.335
0.358
0.296
0.283
0.311
0.263
0.374
0.340
0.291
0.363
0.211
0.259
0.239
0.217
0.202
0.310
0.200
0.254
0.390
0.208
0.217
0.246
0.361
0.384
0.309
0.244
0.391
0.323
0.358
0.210
0.371
0.353
0.245
0.224
0.233
0.302
0.362
0.318
0.266
0.351
0.290
0.266
0.370
0.369
0.296
0.225
0.378
0.281
0.377
0.376
0.382
0.253
0.359
0.205
0.203
0.376
0.201
0.384
0.393
0.240
0.278
0.374
0.387
0.371
0.217
0.211
0.389
0.332
0.273
0.333
0.273
0.360
0.276
0.310
0.342
0.257
0.300
0.216
0.224
0.255
0.283
0.357
0.346
0.297
0.278
0.220
0.380
0.361
0.334
0.289
0.327
0.266
0.372
0.233
0.305
0.278
0.371
0.250
0.201
0.245
0.206
0.329
0.298
0.314
0.224
0.369
0.214
0.208
0.328
0.248
0.233
0.384
0.364
0.335
0.237
0.364
0.239
0.384
0.301
0.274
0.231
0.247
0.289
0.365
0.357
0.298
0.383
0.218
0.351
0.305
0.317
0.366
0.336
0.214
0.275
0.336
0.287
0.283
0.343
0.309
0.233
0.295
0.284
0.340
0.385
0.275
0.217
0.221
0.247
0.243
0.252
0.377
0.383
0.243
0.385
0.214
0.262
0.367
0.376
0.202
0.389
0.282
0.333
0.276
0.219
0.253
0.367
0.310
0.382
0.361
0.369
0.352
0.281
0.345
0.259
0.308
0.296
0.398
0.211
0.240
0.344
0.236
0.329
0.283
0.395
0.369
0.285
0.316
0.261
0.317
0.248
0.386
0.299
0.296
0.272
0.317
0.350
0.295
0.207
0.263
0.261
0.310
0.222
0.220
0.370
0.313
0.358
0.270
0.329
0.337
0.223
0.355
0.329
0.271
0.302
0.378
0.335
0.378
0.303
0.387
0.214
0.399
0.245
0.202
0.285
0.373
0.261
0.273
0.265
0.257
0.355
0.237
0.248
0.275
0.205
0.205
0.298
0.280
0.370
0.397
0.338
0.341
0.204
0.235
0.294
0.349
0.347
0.267
0.358
0.299
0.328
0.365
0.286
0.298
0.394
0.326
0.289
0.210
0.252
0.386
0.336
0.278
0.289
0.310
0.308
0.325
0.304
0.255
0.221
0.268
0.235
0.255
0.356
0.264
0.332
0.263
0.332
0.298
0.373
0.244
0.362
0.327
0.242
0.290
0.320
0.370
0.333
0.200
0.356
0.334
0.232
0.363
0.314
0.279
0.320
0.260
0.367
0.346
0.294
0.389
0.244
0.211
0.358
0.290
0.306
0.379
0.309
0.278
0.242
0.236
0.264
0.217
0.297
0.267
0.234
0.232
0.331
0.254
0.286
0.203
0.227
0.210
0.342
0.201
0.308
0.370
0.271
0.299
0.369
0.311
0.329
0.353
0.225
0.246
0.327
0.249
0.307
0.282
0.391
0.251
0.250
0.280
0.372
0.374
0.367
0.342
0.217
0.341
0.289
0.281
0.346
0.360
0.201
0.373
0.384
0.255
0.245
0.262
0.273
0.343
0.325
0.331
0.292
0.263
0.266
0.285
0.264
0.256
0.329
0.278
0.390
0.220
0.327
0.369
0.257
0.342
0.304
0.292
0.200
0.327
0.324
0.259
0.395
0.230
0.309
0.392
0.226
0.261
0.240
0.283
0.320
0.300
0.212
0.252
0.208
0.371
0.394
0.203
0.225
0.268
0.206
0.309
0.278
0.226
0.310
0.333
0.380
0.264
0.325
0.317
0.229
0.251
0.387
0.342
0.258
0.328
0.353
0.246
0.362
0.353
0.221
0.228
0.395
0.280
0.304
0.208
0.244
0.265
0.240
0.300
0.384
0.219
0.357
0.338
0.339
0.366
0.203
0.253
0.221
0.328
0.341
0.341
0.340
0.391
0.373
